N
19.58 
19.6 
19.61 
11.99 
28.04
58 
74.6 
75.09 
88.48 
61.28
74.67 
88.06 
68.51 
32.19 
12.64
21.49 
30.35 
2.18 
152.65 
148.36
85.81 
41.41 
14.75 
2.28 
5.91
9.95 
10.44 
70.64 
50.12 
50.13
101.25 
97.12 
86.51 
72.17 
38.32
10.11 
7.74 
9.67 
43.12 
52.21
134.85 
134.86 
103.79 
46.1 
15.03
24.2 
41.65 
52.34 
53.78 
70.4
85.81 
56.69 
16.59 
6.16 
2.3
12.82 
4.72 
4.73 
37.22 
69.72
57.78 
28.68 
23.37 
21.54 
26.34
53.1 
68.48 
75.58 
57.92 
40.97
24.95 
12.59 
4.97 
4.5 
11.21
56.6 
69.63 
77.74 
80.53 
73.38
36.93 
4.64 
2.54 
1.8 
2.39
4.23 
19.52 
82.11 
89.76 
81.66
15.76
